-9486
5870
-4072
-8067
5741
6422
9350
-1471
9541
6075
-8216
7206
3500
1870
-5751
9478
-7945
5635
6571
852
2751
7212
9269
1334
-9910
-1034
-6918
-875
9969
-7071
6862
-1801
-3526
6860
8252
1339
2281
2962
-4506
-5733
-8680
-5207
3443
-9246
9109
-2971
8483
3174
-7878
4946
9479
6445
-2735
-6304
-3690
5989
7753
-531
7460
-5388
-2145
-9116
4277
1796
-1704
-6782
-2445
536
6947
-3029
7301
-7791
-9026
-149
5342
-7974
8548
-7886
-9194
-6949
2118
3174
3959
-9832
-6896
-5121
5143
-310
3561
1581
-975
-1412
7804
-1908
-8494
-3221
-750
-4322
-804
5843
-8449
6923
8477
9385
-6605
-7004
4986
-4666
4489
-7536
7799
-9292
864
5869
1184
6877
5347
-689
-3002
2782
9356
-2533
-5881
4094
-341
8981
-5206
9292
-5870
-2821
-2341
553
1138
-4356
5352
-2798
-6962
-5465
-6287
9116
-8687
-8025
-2162
-1784
-353
-284
5914
-8334
5809
3922
8731
-1471
6770
313
4736
-6023
-1964
-8029
-6868
-4900
4777
-7070
-9726
-2703
-815
7292
6195
8149
7525
-7509
9315
-7734
8157
-7964
1555
2698
4296
8740
9716
-7715
4198
-8829
2817
-6314
5506
9450
8561
4684
9503
-8014
9129
-2394
-5102
-5939
7589
6706
-1266
-5923
574
6279
-1553
-7474
-6887
6254
-6338
4334
-188
-7823
-9044
9973
-1830
2498
-1259
-4850
4965
1157
1852
-9595
8981
-8230
5308
-9652
5416
-6089
5387
7063
5521
6787
3439
-4942
3263
2439
-5140
-9426
3766
5442
-220
-6648
-7025
-1641
-4427
6900
-2569
-9223
-961
1516
-4906
-8842
9543
-429
-4649
2224
-2575
-432
5845
1509
4165
5855
9918
6017
7383
-1771
8966
9295
-7330
175
-3784
9600
6626
1150
-6955
-4802
-1227
4279
-8264
5297
-9696
-9406
5978
3830
-3491
2586
4674
-8209
-1525
-1016
-4648
-9
2519
7899
232
-393
-8859
-353
3367
3012
-8216
-6052
2246
5451
-1118
-5601
9110
-8214
-8135
-9919
-2227
-868
-9377
5820
7820
-2455
7681
6091
7877
4784
4524
-8948
-2348
-5552
-5907
-2109
-3927
-5465
-8752
-6801
8948
9714
9569
2664
-1227
6689
2895
-5612
9863
-6189
760
-1602
-2399
-2109
-8074
4261
6905
9612
6765
-9246
-4230
5307
2133
-4099
2810
438
-448
-433
-6202
4380
8667
-5452
-7521
5167
-1597
-6955
8761
-4509
-4058
7197
5993
2176
-4665
4921
-406
2267
-8941
1497
-3031
6306
2486
5144
1181
-4369
-1586
8576
-709
-985
9619
-8579
-3256
-78
-7954
-1748
5339
6105
2848
315
-5296
6705
-7930
-7219
-6812
3722
8904
-9620
-8258
6498
-591
3205
641
6957
-4699
5183
2801
3853
4736
-6018
-2428
5036
-5239
9320
2384
1045
8090
4324
4094
-6625
-5730
-5870
-3608
-8140
4829
2111
-2399
-5675
-652
3006
677
9061
-8283
-9449
-1742
-6267
3171
-5362
-940
1969
-1707
4893
-4438
-124
-2330
2712
-6299
8385
8912
-9338
7799
1020
-5978
651
875
-9647
194
-6782
556
5300
-7457
2731
-9200
-4858
-7105
5152
6306
7147
-2774
-1745
-5907
2711
-5393
-8026
-629
4661
2330
7994
-2238
8232
-3142
2213
-433
5873
-422
2050
2565
-3649
6493
-1451
1025
5339
9416
-3484
6536
-919
-2853
-1053
-7414
-3025
6389
6808
-4860
-1629
-4382
7217
3210
9493
9319
-1661
8938
6716
7790
-34
-1001
6955
3483
6650
-3168
5933
-9225
8024
-9578
7285
3104
780
-4996
-2027
9939
-1306
6158
-3405
4115
5752
-2828
-5807
1966
5356
5279
9193
-4105
-7030
2214
4512
1157
-6103
7613
-7243
3089
-8442
-9121
7568
309
5148
4268
-3182
3165
7031
2053
8490
-3562
-4012
2377
7376
9850
9911
-3275
7729
3091
8589
-5453
1554
4088
9904
-7966
-2546
7521
1293
9752
9033
8871
-6449
-7025
-5354
2674
5867
-9533
-5501
-3851
5342
-6723
-1412
5846
-4963
-1154
-3341
-4780
4767
6311
-1404
5069
-1265
7015
6075
5635
-273
-6344
8618
7984
9848
-6675
-7742
4716
-6724
1243
5843
-1900
-4917
-2876
-5488
6084
-5266
3922
604
-395
4667
5500
-4789
-1524
3072
-3565
5099
-7656
-989
-675
-643
-6978
3091
-46
-1824
-5639
-1908
8906
-3322
7311
5352
-1765
-2104
-7071
-6079
-2764
2826
4504
-6003
-4069
-8538
-2445
9398
-5235
-7836
-4301
3590
8535
9064
-8960
-3236
-9548
4994
5120
-5391
-7654
4588
-4338
-5129
1228
6890
7138
9648
-607
-1400
-701
4294
7285
-4034
6471
7516
-3280
-8636
7158
8318
9844
-5728
3502
977
8526
-5424
-2436
-532
-3811
-4496
3483
-5205
2754
9891
9032
-7786
-4703
7922
1084
1864
4130
1884
-913
-6947
9814
6914
-6270
877
1225
1926
-5838
5078
490
8234
-1989
-8865
-2462
-5458
2161
3964
3692
585
-3858
5392
3102
-3608
-8337
-3692
-7674
3272
2813
-8476
8811
-9536
-1422
4320
8470
-6402
3185
-7516
8608
1299
4241
-7532
-462
9004
6513
1426
1430
2020
-6433
4834
-395
-6021
7816
1146
726
-6539
-2980
-5992
-9910
-4287
-2404
9269
9352
5233
-6579
7457
-622
312
2159
5741
-4952
2370
-4620
-9077
-9582
7922
2781
-2124
178
8275
7315
-8837
5741
2662
-6493
-956
3000
-2572
-6301
-9545
1256
9312
-5222
-5388
-4817
-2201
9913
2074
-1879
-1291
-7074
2540
-5102
1942
3345
9502
3046
-3034
7503
2167
-5284
-8047
-8718
7178
-8927
-3228
-3807
700
9432
2741
-5928
5561
-7739
-6888
6449
-1594
7385
7962
3992
3224
-3194
9442
-4115
5209
6101
1567
-2109
7398
-8368
5276
7379
3959
3610
9921
-5664
4750
-5319
9644
-1951
-302
-6116
3067
-4585
-3072
-3758
2277
-7218
-1525
-1521
-4980
-4595
8997
4434
-3376
314
-9863
4240
-9563
6249
7345
2516
1852
8683
-6701
7206
925
847
4382
-7219
1032
-2130
-3292
-8199
7650
2895
6834
1152
-297
-9406
1434
9784
-4649
-2373
3263
-7172
-2271
-2404
-7076
9201
-6840
3919
2896
5160
3422
-7590
-4055
7647
6240
6203
6012
-5264
-4691
-3389
5681
1634
-1160
-2455
3089
5210
8884
-8627
-4382
5593
8952
-3905
5099
-3236
4301
6750
-651
-8290
-9869
-4957
-3926
4266
6523
-7105
-5360
7895
-4161
-9334
-1282
8110
1728
6026
-7882
4963
-7953
4872
-2499
3522
-7391
4871
-3691
406
8948
-8928
-734
3561
-2370
6069
-5084
7746
-6131
-3551
-6236
-1126
-4295
-6437
-3530
-3708
-543
9992
-1602
-5817
3895
7629
-2582
4637
8630
6174
4034
-6877
9539
-9854
-6192
-9904
-4837
-2218
-3117
2534
9543
9625
-8018
6919
5388
478
4331
-9116
-9444
6716
3385
6370
-1542
-4064
5292
2593
-9815
-6934
2303
3494
5141
7943
-4227
-8334
3294
-5455
-3608
8858
-7521
-8450
3069
-4351
-1191
3130
-9408
9460
-4055
5717
4075
4977
-8271
5873
4588
-2780
-5140
-8914
1113
-681
-9797
-1715
8381
5104
740
-5214
8163
-8930
7648
-3161
-7565
8381
-85
-4115
5084
-8101
-6583
7301
-777
-6306
-12
2584
4985
1999
2197
-9221
5430
4240
-2324
-2943
7205
7798
-5471
1157
-9208
-8154
-2178
6833
6912
7682
-432
5824
7411
5321
3956
8144
-8494
5336
-9437
1445
4806
-6955
2635
5887
-1894
2310
-5091
1553
-9492
-908
2095
1613
5193
5593
-4064
9805
1464
-7046
724
8012
4233
-1610
-970
8136
3051
-4275
6445
7468
-5370
7173
-9073
-6134
9053
1692
1019
3455
-8787
2512
-6398
-2786
5615
5165
-4117
-1864
7425
5478
-579
5616
-2455
2055
3080
6523
-4508
1825
-6470
6900
-893
-940
-3695
2717
-1158
-4821
-4938
3073
9494
-9140
1494
-1729
-1713
-1400
-8538
-5891
3912
8635
-5042
-2109
9088
-7533
3946
-9804
350
7460
-6747
8535
6879
-681
5469
1293
2367
-9340
-1947
7103
-5396
6471
-6190
3912
-9679
-9464
2689
323
-645
-6134
3449
600
3890
-4425
-6708
-967
8539
2198
-3031
-9969
1494
-6120
4019
3541
1488
5551
-743
-3813
-8343
6244
-4871
9973
-3137
-7370
-1206
-6311
-1652
1668
-2912
8904
8386
9250
-6886
-1457
2674
4412
6043
-6365
8522
7781
-10
-1431
4608
6670
-6656
-7700
-12
8213
-2800
-1675
-2403
-8864
-8456
2946
5843
-5723
7110
1957
-809
-7556
-3998
-4881
-4061
-5250
-8025
-5505
-2449
5914
1771
9493
-8017
-7527
2925
-4781
-7467
-8951
-7683
4006
-4946
-2627
-1118
648
6072
8728
-279
-7128
-7532
-3641
0
5413
4171
-6300
-3514
9609
284
-4267
3640
-9075
2738
-893
1514
9380
-7517
-9123
-1355
1553
-7110
2565
-3235
167
-1075
896
-4606
5772
1715
-3322
-8859
-3692
-6016
-864
8912
2731
-9793
-1035
8667
9370
-2715
4758
268
9877
2880
-5232
1366
6367
6848
-2926
-3494
-9715
446
-4117
2845
1532
-1297
-2390
4837
9905
250
4125
-3998
-2761
-3863
4325
-777
-2747
695
-4359
-9225
4168
9331
5577
2645
913
9616
-492
4667
2646
4557
-7197
6678
-7979
8441
3936
-7312
-9305
6947
230
-5948
-8639
-8925
2357
-882
-8102
-8094
-1325
6969
9644
9965
-1094
-1375
9969
-2227
6817
-1595
3571
673
-9536
311
-8140
8967
8522
8740
-6682
4293
8896
9567
-5960
7941
-5926
-9947
4178
9033
-8272
-6579
6609
-5571
-2681
5233
6969
-6060
4301
-107
5369
-8168
2848
-7071
-8310
-8569
-1428
3829
-4196
-8769
2242
9164
-2883
-7248
253
3087
-9899
5422
-2564
1178
-2301
5465
-4895
9123
-3671
-7954
-7963
-5741
-4049
9465
9612
-3967
-4255
3997
5903
1430
4338
9605
-5880
-3811
-8332
-6048
-1754
9426
9479
7560
-9508
-7697
4892
1426
8495
5591
-6026
-4592
5002
-9434
8275
-2922
-5832
-2408
350
-4177
-5119
7892
-1498
-1453
-8014
9144
-2883
3012
-7312
5805
-1295
5193
-1629
4076
9571
-7708
6765
7608
8757
-77
-4440
8643
-9374
-9352
-5038
-6042
-5737
2074
3080
1290
4495
-8682
-4811
-7810
7793
-2943
-6433
6844
-1766
-9538
9200
6915
-3455
-6291
-4975
3544
2738
-8898
222
-1064
2198
8133
-8130
1494
-2925
-7669
-746
-5783
-5087
265
-3927
-8994
2288
807
-4924
3240
9541
3426
1923
4451
-9115
-2974
2437
2780
9392
-3493
4089
9493
-2683
4837
955
3720
-1202
7600
1032
-8470
-7210
8544
1877
-4742
-76
5732
2589
23
9313
-913
-6449
-9889
-5596
617
-7959
-8366
-1529
-2974
5183
-9907
-4555
1972
-3332
7936
-5434
9592
-8764
5895
4349
-6156
-5741
8637
-7226
-3127
8948
8871
-6630
-9122
-7451
2733
-9547
-3875
3836
7655
8285
-595
-6566
-3229
2005
2688
-6133
2713
4296
6614
-2268
-9481
2691
-3506
9062
8385
8627
-86
311
-5222
896
8270
4513
1829
-2544
-9874
-2975
-9493
1445
-651
-3750
-1528
-726
9574
-713
-2674
3368
7599
-9423
-4613
-4027
-4419
4731
8836
-9058
8979
9529
4205
-4606
-4731
1094
8101
2263
-6116
-9460
-7748
-1227
-8313
8496
1259
-2410
6854
-8365
-9224
-163
-4884
-9701
-8359
-3154
-7333
-7511
8953
3876
-4117
5284
-6095
-9499
-5087
-5136
6109
-323
-2615
-9686
5472
-3733
-7456
5415
-8402
-806
-8718
2250
-2764
9379
-5579
-8213
-7000
1392
-4618
5223
-1609
2861
8661
-7435
-6292
1157
6791
2674
-1676
-3623
-4288
9814
-9845
-4173
3896
-3566
-6381
284
243
5623
835
-4947
-7068
-7863
-2352
5931
-9930
-4164
1290
-1707
-144
-1812
-34
-5781
8151
-9800
5506
662
-58
-4206
5197
-3851
9969
-1707
2927
-4491
-6487
7332
-3441
6367
-9894
-1320
1640
5065
-5821
-4828
4082
3085
574
1945
4455
5385
4034
94
1939
-9646
-5562
4666
-3022
-1171
2846
770
-7387
-6968
-940
-3265
4601
7155
-2238
-5546
2664
-7429
1434
1835
4827
-186
-2073
-7893
-6635
-6136
1415
-9834
-1112
-5616
-1212
5084
6316
9541
270
1109
6689
6676
-6934
-5556
5533
1445
2589
834
-499
-6768
-1940
-6495
7634
-9175
-6296
-7230
-4477
-6111
-2162
-7025
-9121
-1854
-7261
-8546
-6111
-2868
-4648
8870
-3682
2427
3067
5806
1970
-6443
-2629
9614
7480
8978
617
-6741
1608
-6132
-5619
-8764
1656
2679
-8140
-1001
-9812
8309
9885
-3657
3298
-6630
-2334
6471
-5589
-7166
-7876
6468
5131
-8334
3868
-1259
1378
3323
-9798
-4401
-1772
-1502
-9
-9564
-4944
6213
1426
3077
-7503
-1975
7984
-9977
3725
8517
8761
2037
5295
5407
-1723
-5640
-2096
7272
-4579
641
-8910
-5019
9714
9144
5634
7753
8915
-4904
4911
-4902
-2917
-9885
-2974
-4164
9087
-46
-395
-5675
-8226
3541
1540
9387
-4196
-3206
-3172
-432
-1630
4179
9899
-8641
-1435
-4945
-5807
-863
4560
9783
5846
-1171
8055
-8719
4325
6526
4300
-4840
-4970
2711
-7702
4566
-6522
8540
-7743
-5597
858
2642
-8680
9116
-2278
-3506
-16
-2891
-5388
5160
-115
-2373
308
-6536
7435
7169
-1544
4396
8163
-1574
7037
3592
3541
7783
-934
-5918
201
9495
4268
-9231
-6625
-9705
5053
7912
6266
-4990
-3506
-6782
-9046
8403
-7838
3953
261
6629
313
-9708
5479
-3673
5580
1444
-2546
-432
-2068
-1594
210
4817
8086
-3929
-5108
-7159
4514
-1857
547
9450
-665
7521
4
-6658
-2675
6533
4202
-7076
2714
-1593
2960
-4165
-8470
3157
-6476
4564
256
-4173
-4895
-4866
-3497
1320
4430
-5207
4293
6940
-3725
-4592
-1158
1859
-443
6294
-691
6428
454
-8348
-7621
-454
-6146
7984
187
9342
9038
-4840
4481
-4642
-6294
-4438
8275
-9860
783
-7618
7984
-5985
-1619
7922
-9882
-5141
753
7616
6869
-4369
5371
401
5647
4774
-6209
9850
-8362
8740
-1456
7049
4769
-8898
-7413
595
8123
4590
7816
1945
-9130
-9282
-7699
5753
3328
-805
4751
86
1075
9300
-8488
-4136
6133
4293
-8635
4870
6352
-7324
-7221
-6677
9748
3645
166
9814
6002
-1555
-2546
-5509
-5168
1156
-7671
485
-6635
6982
3664
-1535
5772
4874
346
3026
8280
9648
2719
7933
-4434
-5714
1121
6334
8184
3471
9433
312
-8630
-5263
-3567
9655
-6346
-6575
9704
7937
-2873
6494
-9394
4816
-76
2886
-6231
6788
9619
2176
-620
5399
-4691
-2683
-8230
-3933
-160
4861
5843
-9170
-5050
-7070
648
1293
7648
8392
-5823
-7410
9420
-5858
-9893
-2420
8368
5078
-9338
7155
262
-5597
-9877
-6818
7605
2810
9312
-9525
-8671
-6202
5532
-6209
6192
-9497
-9797
9217
4301
7131
-8764
6745
7261
8869
7556
3931
-4410
-5697
3328
7109
-6635
-3163
-2509
-7190
3388
-5628
3102
-3115
5850
3429
2969
8066
-76
8781
2226
3904
7162
3537
6249
3094
-2165
-7128
-12
-3303
4554
-4846
-4566
6845
6629
3516
5542
2625
-6731
3778
-6142
-5378
2548
9911
-5690
4094
-7805
5517
-5190
-4425
-5705
571
-5459
-8811
-7762
-7071
-2156
2286
-1301
9406
-3396
-3495
8105
-3272
-1431
9529
-9121
7366
-5645
7834
-8228
-3566
8560
-2238
3388
8615
-4089
-4938
5078
1287
546
-1831
6300
7444
406
1870
-4099
5209
8047
-7669
-7046
-9862
5289
-5375
-12
9187
-8786
-9969
-7183
-4005
-2539
-8119
-24
-737
3260
780
-6071
2214
-5652
9359
6586
2786
-5571
6701
-174
7177
-9696
-8927
4273
-3510
-2217
-1295
-1118
3468
8192
-7738
57
2681
1039
-7978
2236
-4500
-5054
7517
-2773
6230
4528
-7376
-7706
2000
-3562
-7076
4032
-8329
-5859
3655
387
8204
8520
5710
-8680
-2227
4401
3821
-8009
-3163
-5728
-343
-7376
7485
-1782
47
352
1723
-975
-8802
-7291
-9233
-6515
5870
210
-72
2200
4929
-6604
-1168
-8591
-2234
-8360
-9464
-2922
9478
4758
-4435
9867
-7788
3156
-3371
-3126
8409
-3835
-7369
-445
600
9495
3091
858
-341
-5235
9838
1146
4266
3170
9692
-6450
1757
5710
-4933
-4969
-1950
4840
-5315
8244
3416
-8951
6323
3174
-7004
3780
3808
8243
3272
6593
4786
9450
6900
8792
-737
3569
5598
1091
-1897
-2912
-1323
-7556
3017
-7224
6274
8869
7358
-4928
-3713
4999
-8783
-9598
1583
3780
1469
-1091
4723
8398
2987
5711
5078
-4595
-7658
1293
66
-3463
-296
1719
5141
6670
464
-3894
4210
-6711
7207
-8271
6416
5996
-505
5565
1850
8216
-4780
-9090
6657
-5854
-7398
4617
-6300
8466
3733
-2216
-9820
-1064
1469
-2898
-6986
3814
-6390
-6587
-6827
-6149
-6658
-6202
3443
3091
-1525
-6365
1826
6765
-6194
3383
-2540
4224
-4206
-2846
4277
-6261
-9423
1307
3959
8636
5657
-2621
-7022
9450
-426
1204
3720
682
-9486
-3889
-182
-4069
-8446
-4686
3004
26
-8343
8644
-580
-9147
-9407
-7254
1603
2891
1371
5806
7634
2498
-9236
1279
5071
3992
9203
9558
-5512
-5841
-2891
-2337
-1482
-2798
9683
-7025
-3820
7298
9110
-7249
-537
1003
2893
5743
4999
354
-253
-9684
5660
-5275
-7517
7793
6989
9107
896
8268
-1550
-8299
3424
-627
3896
1089
7237
2817
-6441
-3949
3114
600
1796
641
4216
5295
-7076
2946
3389
-1779
-2499
-1652
4002
-1215
9896
-6958
5016
-6862
6524
-8787
8887
947
-614
-1866
2893
-563
2813
-233
-7703
8937
-3661
9642
177
-3495
9434
8517
-2220
7775
-2370
9336
2214
-8729
3087
-3456
2336
7350
9318
7814
3205
6989
-6651
-3693
3069
-9343
-6168
-6042
-7902
-2152
2050
-64
4115
4974
-1557
5196
7991
4400
-8966
-6942
-5142
2103
4125
-5762
-1595
2237
-8541
-6720
-7704
-9414
1867
5912
-1729
-521
1735
-3253
4932
6165
3133
-2516
-2962
9906
2714
6211
-160
5145
3281
-1702
-343
985
-2075
-3631
-8480
-8246
-3318
2918
-8326
-7838
1873
-732
-16
2501
5064
-3658
1841
-9340
-6794
9104
7232
9681
-6003
-7936
9220
-6621
2798
-6934
-1141
-2809
-3632
-1090
4195
-9554
9850
9300
-9383
-7993
-3020
7647
-4064
5167
2738
-1640
8177
-7751
-312
-1125
-7606
9739
4817
-650
-7257
9960
5506
2773
3244
-1160
-3807
7650
8195
-8419
1613
3453
-7514
-514
-5226
-998
1798
-2131
2310
-2366
-4048
41
4570
8166
8450
-9848
-8006
7138
-2390
6821
6858
4053
4408
-4587
1819
2647
-4328
7021
-8477
-9761
2065
-2821
-6595
-8465
5493
-8036
2074
-449
9848
3069
1694
-3390
3994
5430
2395
6517
-7954
4380
-3425
-8014
8729
1430
-4070
-8197
1340
8441
-5853
-6709
-938
86
7462
-7630
-4570
9648
5972
-2800
9473
-9058
-1788
9482
7391
8145
-883
3646
-3515
1050
3515
4331
8560
4651
-1341
-5610
8271
8703
-107
-113
-2958
-9618
554
-9037
-9684
-9481
-3025
-9686
-2146
5215
6833
9479
689
9584
-9130
1341
763
-2109
-174
2841
724
-449
9269
-5651
4064
1972
-4208
3618
-9414
-2295
-4061
-922
2313
-705
-1026
5084
7638
-6779
1179
-6346
-8452
-2138
8275
7438
-431
-5768
-6096
-5862
-1289
-1374
309
9483
5610
-9609
894
642
-1663
-7416
-4867
-571
-9283
698
4362
-8926
-3858
-7009
-9621
-7533
-3804
-210
7967
4019
2801
-563
6752
-4933
-8241
4056
-10000
2359
9488
2212
9569
1685
-3182
-8977
-927
7626
-901
579
-9374
-3022
-1630
-4392
1610
-7256
-6494
7353
5348
687
-5368
-1498
-691
2100
-7467
8524
3862
-8470
-9627
5783
-4297
-9927
-9041
-3002
3554
7049
-8278
-6992
-5377
-2324
-1355
805
5495
-7055
311
8319
1547
8841
1523
-7137
8138
5741
3520
4240
1299
8266
-8278
-4117
4879
-7604
-9656
6741
7502
-7074
6150
8901
-4670
9397
-5666
-7146
-4748
574
6172
-3089
6208
-9499
-8718
6901
8409
2534
-1265
9352
-6110
-5235
-4817
-4908
7046
-2806
-8085
-3506
6470
-36
-4877
-570
-612
6820
7918
-3584
1352
466
3423
-4222
-5030
-5733
-7880
-6062
5871
9841
6749
1750
192
-790
-4592
-8895
-8772
624
-8883
-940
2846
-9124
-1703
-1256
4032
-300
-4908
-9095
256
7514
-5627
-1481
406
-1127
2335
3388
-6962
8108
-8790
8043
-6730
9579
658
-1836
-8108
-9119
-7720
-985
8367
3267
8510
5321
1340
-7218
1256
6765
911
2914
4781
-9453
5167
-9180
2057
-3444
-6064
2395
9359
7282
4205
772
-6208
-3444
-4194
8524
-4858
9600
-3739
-6493
-8558
-873
-6463
181
7667
-4022
-8630
7386
2251
5886
5993
3856
-2373
8978
1655
6254
-7521
2286
-8827
8731
-9404
9644
-2821
-4055
9376
-2701
7123
1850
-6121
3891
-7960
-7368
5024
-6154
-3283
-7664
9220
-7017
-1397
-5081
663
3488
-9840
8589
6900
265
-2424
309
6640
5679
4817
4216
-5209
8556
-6256
5881
1453
-1721
7292
-7088
8441
-906
1516
-5140
-6725
7580
5430
1301
-3455
734
-8240
5074
-3398
-7567
3788
1761
3055
8590
-5868
-2485
303
4414
2176
6940
5342
1516
-6976
1366
-7203
3618
7747
5193
-4117
3884
7652
301
6745
-7141
-12
3093
-1676
-8764
-935
8637
-7630
-2621
-719
-6174
5586
7516
5084
-4566
-6634
-9193
4353
718
8236
3055
-8398
6526
2722
-7612
9189
-2109
4414
780
-1105
9206
8643
-462
5892
-9962
-1836
2335
-2540
-5505
-6140
-938
8637
9325
23
-834
-6126
1395
-8304
8073
5180
6031
7747
4241
8962
-4506
3565
3210
3745
7600
-6912
-8095
3397
5116
9753
-7712
406
166
1352
-9223
5578
-6616
-4440
-7930
9574
3301
-9942
9129
7682
3157
-446
9881
6428
635
8737
-2165
8234
3240
-8069
-1940
6471
-3005
-4435
-627
-2068
2596
595
-9257
7847
4628
-7684
-9324
-1675
864
3778
7827
7580
-9287
6589
1807
5846
2861
-8673
-8008
110
7602
8092
-9617
1347
6247
-3798
5468
-6081
2820
3298
-4802
2480
8517
8433
680
4175
8042
6471
2733
787
5845
-4067
2443
-976
5360
1094
-2683
-4579
-769
1668
-9200
-5653
-3425
7425
2216
8507
3017
-79
8503
8234
69
1592
-1301
-5520
-679
924
6808
5697
-3034
-525
9441
-168
-8827
911
-3784
-4592
8693
4957
-679
8113
9601
2593
-457
2520
-6311
1926
-7004
4554
-7435
9213
-8167
4261
-6820
-79
8496
2028
8917
-875
-3398
-9705
8262
-8960
-2342
8735
-1736
5909
-5120
9145
2513
8595
-1882
4812
-1216
1377
2670
-2874
4296
3435
5422
6801
9786
-269
-8959
9877
-2780
-3188
8295
79
8748
9218
-2104
7475
5753
6900
-7925
-4811
3234
-2560
-9774
8634
92
6903
2909
-1675
86
-5239
6172
-5889
-2020
-4773
8952
-369
-6231
-1410
2569
3541
9541
-8295
-5783
9078
-3117
3210
-9696
6765
6237
-7656
-3034
-9379
8307
-5825
-2877
-6763
6730
4260
1309
4380
3496
-5469
-1430
-3188
1571
-5366
3593
8547
5537
-5800
8589
5308
-2805
-5791
7525
-853
6060
918
-5960
-2099
-7210
-2217
-4771
553
-3846
4764
9110
5188
-69
-4863
-9178
7033
-9527
-4770
-4904
4500
520
3946
2668
-2900
-353
-220
-719
3775
-3467
-8447
-754
3263
-8791
7173
-589
3856
2216
7386
-3272
9144
7036
-6819
-449
6003
-5922
-2068
2277
9438
-9276
-9613
6646
3695
-8926
-6622
-6202
-4452
7681
3778
-4606
8921
9206
-889
-2366
-743
-4477
-9175
10000
765
-2455
6998
6432
-9610
-447
-5869
1694
-7841
5595
-8841
-8101
-1539
-5198
2330
-2621
5552
-9751
3468
-1835
-8765
-3268
-9077
-3154
1730
-846
-9440
-5978
7440
-6912
-7840
5290
595
-8681
-1989
-6763
71
4412
2381
-7602
-8806
-1043
-5895
5610
-7399
4284
3455
6788
8090
7401
-2938
-9497
-2501
5260
8441
9797
3618
1873
286
6295
-5447
9848
-6665
-3875
-5845
3240
-435
-4783
1827
-8085
-5901
-1575
3628
8765
-6441
7185
-2892
-8839
5391
-5895
-455
-1964
4119
8853
3856
6352
2549
-8326
5930
5938
-2410
-3958
-1971
6820
3145
8428
-9506
-9889
-5459
-886
-6809
-9848
7355
3368
8699
7605
7635
9514
3263
715
6279
-7432
3385
9648
1684
911
7318
-4843
-3807
6423
-6490
2411
-5323
-4623
-7585
-9684
-8869
2976
1558
-2597
8151
4241
5167
9044
-2518
-3161
-6843
4396
-7683
-6256
9145
4524
-4419
-4215
-8440
-861
1790
2881
-9447
-5077
-9558
8073
-9563
-6648
-5637
-7966
315
-5619
2529
6822
4297
-9208
7350
6525
4019
7384
-5613
-1225
-7030
-9679
-9119
-1918
-5669
-156
-8652
-6608
-8295
4898
-8787
6948
-8237
1382
-8579
-7632
9850
2340
-7819
2927
-5471
-8140
-5596
-3507
9398
4382
9648
-8926
8952
8595
-3604
-6317
2395
-6071
-7078
-4509
163
8683
9505
-3567
6894
8938
-4754
-528
6343
-4981
6440
1565
2918
-1471
1956
4877
-417
-2526
4944
-3399
2509
167
7959
1443
-5588
640
-6968
-5057
1258
9444
-2440
-7577
-1137
-7887
9423
5792
-3861
-6490
-935
7790
-6146
4512
-6651
6370
-4183
4171
2957
3192
7580
-5031
6720
4582
-1437
-4873
-5596
7229
9036
-8988
1184
-6039
5741
-9629
4094
-3444
-382
-8226
-8919
7462
9969
-9844
-8961
-5869
2013
-8654
-23
2214
-473
-6827
-4396
5867
-1658
-3971
7703
-5939
8608
8967
1826
230
7562
-124
-7508
-9348
3037
-7669
408
-390
7157
6075
-9097
-5100
2501
-9492
-6795
-846
-1528
6758
5763
-2652
-768
-7166
6761
-8397
-3161
5842
-2530
1448
-8470
6750
849
4517
9967
2791
4503
1299
9062
-9753
-321
7237
-7806
-1655
3762
7190
-606
2
1580
-5267
2551
-5219
-9803
2540
-4579
4282
-6708
-9715
1114
-3235
-5400
-2427
6369
4794
-9465
-1118
-1379
4606
9110
-855
-6969
6302
3011
-9864
-4473
6240
-7702
-7335
4354
9908
2140
-7820
2849
-7974
-2743
-1738
4596
-3890
-7621
-8111
-6802
-2425
9195
-7221
-5533
-6926
-1747
-9457
7272
1359
-4362
-492
-7584
-6604
-2286
8051
6301
9969
1787
-9919
-2265
4702
1661
3260
-5809
783
1884
9552
-3272
-861
9444
-9077
7104
-5530
-6855
-6896
-7402
234
7934
1829
2331
-1882
-5835
-1844
9993
-606
6470
-4027
5832
-7261
6603
7185
167
7318
3563
8171
-5932
-7552
-5044
-4055
-370
-9729
-1471
-8375
4853
-5020
3868
1719
-7128
-6789
6691
8540
4349
-806
8111
-341
-8671
2984
-166
-932
-2534
-9972
-8411
7580
8318
-7156
4749
-1479
-3395
-3979
6357
2216
-6908
-9001
-4211
-4176
-1833
4694
-7916
4500
-6373
6955
7480
5131
6725
1876
-3048
2569
-9292
6517
-5786
9756
7209
-6988
8678
2589
279
-4834
-9406
-8687
2707
2251
-9734
8354
4893
7793
-8787
4805
6750
2403
-9904
-3758
-1412
9618
5651
6427
4383
8962
1949
-6044
6002
3012
978
9485
-4136
-1375
3333
-8240
-9647
7556
-1649
-6877
142
-2235
6209
-7936
-1895
-9907
-2428
-5597
1551
-9046
2846
4353
5972
4756
-8847
1574
-220
6560
9921
-8062
2889
-2308
3360
-7897
-7913
-3652
4963
9691
-3360
5414
-6233
6646
-9854
-2798
5162
-9855
4929
4877
-9428
-818
4229
9843
268
7842
-1481
4611
-3430
7151
4561
9264
-9592
2067
6244
9365
-6223
-7207
-7565
-9159
7358
911
2787
-5887
-6487
-612
9705
-3713
9482
1150
3515
-9102
1012
-2691
532
-6832
-6834
8521
1012
6716
-3168
6844
3199
-7395
-1652
-5845
-9640
6562
3447
4805
-8760
5630
7432
1088
1352
6311
6536
-2918
662
6982
9865
-3811
7131
-1325
245
5260
-5675
9983
961
-3487
8993
1192
-2554
-2563
-6463
-4070
7899
8590
7788
-9377
5271
5342
6743
2707
8019
8106
-3153
3940
-9262
-4865
1643
-4840
-3126
-7952
-5142
802
8337
8525
-3420
3563
-3685
-8084
7479
-5817
9908
4917
-4746
4905
-5206
9619
-4354
-8864
7705
1715
-7399
1304
547
-4848
-4715
-5777
707
6833
-9748
-6673
-5044
8392
-9553
1669
-4105
2676
4975
8318
-3715
-8009
6075
1373
7211
-679
-6111
3174
-5653
-5518
-3376
8189
-2494
-6986
5970
-6021
-486
-5211
-1338
4333
-6899
5356
-3168
4206
6901
8897
6689
-4055
-2237
-7373
9756
-4089
-5435
5133
-6655
4396
-2061
8605
1634
4219
5366
2480
-7612
-4389
7237
4202
-1830
-7877
-3010
9745
9505
-7
-9134
-8626
-8014
-8697
-9235
-6878
-6880
-443
-6391
7321
-8591
9514
8280
-7114
-5671
2893
9257
-2836
-3480
4821
-5149
-5794
1071
9365
-7288
6389
-6987
4758
-4022
4674
9401
6611
8580
1843
-1575
1719
4779
5574
-3247
-8717
350
6352
7979
-9913
-1168
1645
-4908
6213
215
8854
-8579
2359
-2370
-9256
2347
7028
-3253
3698
-550
2198
-446
9998
-7559
-9118
8927
-2080
-1002
-433
-887
-6986
313
2715
2103
-6604
-967
6230
3263
8217
7920
-8032
-2648
-235
1026
-632
-1674
4764
-9077
-7676
-9428
-4046
8127
-3491
-5079
-3889
-1369
7177
-5000
-2074
-1894
1508
-4760
-2597
9543
-2238
-1723
3085
-7429
5845
-9872
5084
8228
-932
-4272
-8717
-681
2048
5232
6930
8634
-6671
6757
-3685
3802
-6464
3590
-6604
-6720
1866
-3506
940
-4587
-8185
-3032
-2436
-2426
-4569
-751
3663
2381
-7893
-5375
8016
4862
3298
7567
-482
-5651
1136
-9558
6411
-3031
-2858
5099
-2384
2479
-3366
870
-7244
-5628
-5531
5084
-5567
6317
2310
9935
1949
-4553
3783
3897
3173
23
6530
-3275
-531
2357
-5923
3055
4402
-2131
-5781
-521
-7944
-2311
-988
7495
9514
-1150
-5206
-8516
-6140
-1661
968
4758
-5533
-5222
-4441
7636
9468
2152
4306
-4443
6947
-5890
5614
7567
2335
-7410
105
-737
-7955
2993
-4876
7995
5570
-1663
-9285
-2500
5148
1404
-1113
-4419
9701
4396
-7197
-8732
8603
9551
-2805
-2088
-2319
-7426
5347
6029
3026
3402
1719
4408
-7145
776
-4704
-1421
-4750
-6789
2712
-8698
-1987
-6054
3206
3817
-8693
-9820
4777
1091
4082
-304
-6140
599
7605
7432
1669
-679
-2718
-5869
-6605
-8275
-8069
4059
1934
-5365
6199
2929
-5703
1763
-1373
-694
-5202
7756
170
-8885
-6644
-7565
7864
5006
1560
-8846
5307
3314
1829
9300
-3864
3989
9565
5887
-9170
-8398
1533
8590
-86
-737
-8874
-9076
5502
-2359
-884
-1835
-6101
1496
-9041
4383
1156
1448
2782
8338
-9459
2849
-3800
-4135
3543
-7427
-2330
8693
-9310
1139
1565
4270
-1681
-9235
5616
-6487
6524
5793
-107
6141
6032
-44
-379
-4457
-2044
-1640
-1989
-2809
-9201
1999
8900
-6758
-651
5598
8582
9140
5855
2712
-6865
-3180
-1033
-8709
-1039
-8478
754
-7254
1382
-1081
-1652
-3375
-8070
-2949
-390
7820
-6327
-2933
182
-8362
-6796
8945
-250
4006
2286
9814
-2675
-9354
-3463
3764
3060
8247
2148
-9178
925
9622
-790
1603
6670
230
-1249
1807
-6897
4784
8952
-9023
7238
-8763
-5168
-873
-5241
-9701
5614
-7699
7103
9138
-4800
-1602
-4443
-5142
1429
7157
-2213
9815
-7399
-8988
-5234
-7287
6498
-1203
2646
6923
-5004
-6092
-6444
6540
-1341
5838
-2041
2668
2108
7802
6134
-160
81
-7606
-9497
6693
8069
-7590
7268
6718
-3632
-9702
8669
9052
-5840
-4963
8979
350
-9734
-6293
-2109
-8997
-6616
-7942
409
-7369
2822
-1358
4743
4554
-832
-2860
-3510
9988
-7756
4396
5424
5836
-2470
9992
-6110
8338
-9581
-1640
9561
-6709
-2221
-766
-8561
-8375
-7762
-9607
-1629
-3588
-4477
840
1692
-2547
7953
4702
-3779
-4064
-2949
5710
2769
-2673
5091
-5057
-5809
2801
8831
-2925
6249
-2347
-3800
4021
-1289
5059
-6987
-2068
-713
2411
2886
-539
3897
2348
1962
1109
-5488
7462
-1707
4764
-19
7934
1212
-4491
4672
-8052
2330
1734
3606
7943
-1881
-2681
-8563
-5776
9068
-7783
-4708
7793
-5277
346
7381
-1437
-1031
-12
-5978
-5071
-5202
8247
2119
4209
7920
-4355
7432
-5129
8337
-9595
-1674
-6909
515
7635
-9134
-4196
9050
7948
9128
-4754
-3530
-2648
9609
8193
-2433
-908
6317
1309
-6907
1293
2005
-550
9340
-8948
5937
6650
7608
-4197
-6276
-8975
-5621
-5325
7672
-7370
7057
-7706
9530
7366
-2215
3299
-2589
-5505
8165
9863
339
9444
5415
8836
1461
-5360
2080
592
-4059
-8772
-9223
7043
-2500
683
-6934
-4512
-6090
-5536
1259
9998
-7399
-4606
8853
4115
-2659
-9487
7049
7326
571
-8717
4575
3778
-6612
-583
-6635
-2206
-5414
-8545
317
-5057
8740
8903
-3311
-6379
-1113
-2805
983
1147
-9373
6389
-3005
8517
7537
-6732
5936
113
-6111
-2648
5078
-3265
7829
-6934
-2098
6915
7873
-7883
-5431
7793
-3025
765
6361
-4540
4797
2000
-692
2728
-9891
-5696
8921